
SUMMARISING RUN PARAMETERS
==========================
Input filename: EU07_r1.fq.gz
Trimming mode: paired-end
Trim Galore version: 0.6.7
Cutadapt version: 3.5
Number of cores used for trimming: 1
Quality Phred score cutoff: 30
Quality encoding type selected: ASCII+33
Using Nextera adapter for trimming (count: 89714). Second best hit was smallRNA (count: 10)
Adapter sequence: 'CTGTCTCTTATA' (Nextera Transposase sequence; auto-detected)
Maximum trimming error rate: 0.1 (default)
Minimum required adapter overlap (stringency): 1 bp
Minimum required sequence length for both reads before a sequence pair gets removed: 20 bp
Output file will be GZIP compressed


This is cutadapt 3.5 with Python 3.10.12
Command line parameters: -j 1 -e 0.1 -q 30 -O 1 -a CTGTCTCTTATA EU07_r1.fq.gz
Processing reads on 1 core in single-end mode ...
Finished in 45.59 s (61 µs/read; 0.99 M reads/minute).

=== Summary ===

Total reads processed:                 748,528
Reads with adapters:                   287,107 (38.4%)
Reads written (passing filters):       748,528 (100.0%)

Total basepairs processed:   224,558,400 bp
Quality-trimmed:              60,810,910 bp (27.1%)
Total written (filtered):    160,889,904 bp (71.6%)

=== Adapter 1 ===

Sequence: CTGTCTCTTATA; Type: regular 3'; Length: 12; Trimmed: 287107 times

Minimum overlap: 1
No. of allowed errors:
1-9 bp: 0; 10-12 bp: 1

Bases preceding removed adapters:
  A: 18.3%
  C: 27.9%
  G: 27.5%
  T: 26.2%
  none/other: 0.0%

Overview of removed sequences
length	count	expect	max.err	error counts
1	168910	187132.0	0	168910
2	33473	46783.0	0	33473
3	12814	11695.8	0	12814
4	3736	2923.9	0	3736
5	1917	731.0	0	1917
6	864	182.7	0	864
7	724	45.7	0	724
8	923	11.4	0	923
9	1938	2.9	0	1924 14
10	683	0.7	1	637 46
11	1682	0.2	1	1625 57
12	1076	0.0	1	1045 31
13	1401	0.0	1	1357 44
14	987	0.0	1	937 50
15	1374	0.0	1	1323 51
16	1033	0.0	1	992 41
17	1341	0.0	1	1284 57
18	988	0.0	1	938 50
19	1222	0.0	1	1157 65
20	1173	0.0	1	1127 46
21	2797	0.0	1	2655 142
22	1324	0.0	1	1270 54
23	1139	0.0	1	1091 48
24	531	0.0	1	512 19
25	845	0.0	1	808 37
26	1191	0.0	1	1115 76
27	1101	0.0	1	1035 66
28	651	0.0	1	619 32
29	1474	0.0	1	1417 57
30	1430	0.0	1	1372 58
31	894	0.0	1	855 39
32	643	0.0	1	618 25
33	401	0.0	1	387 14
34	564	0.0	1	540 24
35	653	0.0	1	633 20
36	782	0.0	1	749 33
37	1169	0.0	1	1128 41
38	977	0.0	1	947 30
39	917	0.0	1	875 42
40	1590	0.0	1	1516 74
41	1640	0.0	1	1598 42
42	1700	0.0	1	1661 39
43	2612	0.0	1	2546 66
44	305	0.0	1	286 19
45	183	0.0	1	174 9
46	152	0.0	1	147 5
47	368	0.0	1	360 8
48	276	0.0	1	268 8
49	451	0.0	1	436 15
50	217	0.0	1	210 7
51	563	0.0	1	548 15
52	395	0.0	1	378 17
53	533	0.0	1	517 16
54	925	0.0	1	901 24
55	717	0.0	1	698 19
56	399	0.0	1	386 13
57	498	0.0	1	480 18
58	607	0.0	1	591 16
59	506	0.0	1	494 12
60	511	0.0	1	497 14
61	571	0.0	1	564 7
62	390	0.0	1	377 13
63	741	0.0	1	728 13
64	842	0.0	1	828 14
65	846	0.0	1	830 16
66	1393	0.0	1	1376 17
67	820	0.0	1	810 10
68	586	0.0	1	576 10
69	668	0.0	1	658 10
70	720	0.0	1	707 13
71	669	0.0	1	657 12
72	732	0.0	1	713 19
73	737	0.0	1	720 17
74	817	0.0	1	802 15
75	920	0.0	1	908 12
76	1879	0.0	1	1860 19
77	232	0.0	1	226 6
78	24	0.0	1	23 1
79	8	0.0	1	6 2
80	6	0.0	1	2 4
81	7	0.0	1	0 7
82	6	0.0	1	0 6
83	4	0.0	1	0 4
84	5	0.0	1	1 4
85	2	0.0	1	0 2
86	4	0.0	1	0 4
87	2	0.0	1	1 1
88	3	0.0	1	0 3
89	7	0.0	1	1 6
90	4	0.0	1	1 3
91	8	0.0	1	2 6
92	2	0.0	1	0 2
93	4	0.0	1	0 4
94	7	0.0	1	1 6
95	3	0.0	1	0 3
96	3	0.0	1	0 3
97	2	0.0	1	0 2
98	4	0.0	1	0 4
99	2	0.0	1	1 1
100	4	0.0	1	0 4
101	3	0.0	1	0 3
102	2	0.0	1	0 2
103	4	0.0	1	1 3
104	5	0.0	1	0 5
105	2	0.0	1	0 2
106	3	0.0	1	0 3
107	4	0.0	1	0 4
108	4	0.0	1	0 4
109	3	0.0	1	1 2
110	4	0.0	1	0 4
111	7	0.0	1	1 6
112	2	0.0	1	0 2
113	2	0.0	1	0 2
114	8	0.0	1	0 8
115	1	0.0	1	0 1
116	4	0.0	1	1 3
117	1	0.0	1	0 1
118	2	0.0	1	1 1
119	4	0.0	1	0 4
120	4	0.0	1	0 4
121	8	0.0	1	0 8
122	2	0.0	1	0 2
123	5	0.0	1	1 4
124	4	0.0	1	0 4
125	4	0.0	1	0 4
126	4	0.0	1	0 4
127	2	0.0	1	0 2
128	1	0.0	1	0 1
129	2	0.0	1	0 2
130	5	0.0	1	1 4
131	5	0.0	1	1 4
132	10	0.0	1	1 9
133	6	0.0	1	0 6
134	3	0.0	1	0 3
135	4	0.0	1	0 4
136	2	0.0	1	0 2
137	2	0.0	1	1 1
138	6	0.0	1	0 6
139	3	0.0	1	1 2
140	5	0.0	1	1 4
141	5	0.0	1	0 5
142	5	0.0	1	0 5
143	7	0.0	1	1 6
144	6	0.0	1	0 6
145	8	0.0	1	0 8
146	6	0.0	1	2 4
147	2	0.0	1	0 2
148	5	0.0	1	1 4
149	2	0.0	1	0 2
150	4	0.0	1	0 4
151	2	0.0	1	0 2
152	3	0.0	1	0 3
153	5	0.0	1	0 5
154	7	0.0	1	0 7
155	3	0.0	1	0 3
156	5	0.0	1	0 5
157	3	0.0	1	0 3
158	4	0.0	1	0 4
159	4	0.0	1	0 4
160	4	0.0	1	0 4
161	5	0.0	1	0 5
162	4	0.0	1	0 4
163	3	0.0	1	0 3
164	1	0.0	1	0 1
166	1	0.0	1	0 1
167	5	0.0	1	0 5
168	6	0.0	1	1 5
170	2	0.0	1	0 2
171	3	0.0	1	0 3
172	3	0.0	1	0 3
173	4	0.0	1	0 4
174	2	0.0	1	0 2
175	1	0.0	1	0 1
176	4	0.0	1	0 4
177	1	0.0	1	0 1
178	3	0.0	1	0 3
179	4	0.0	1	0 4
180	5	0.0	1	0 5
181	2	0.0	1	0 2
182	1	0.0	1	0 1
183	2	0.0	1	0 2
184	3	0.0	1	0 3
185	2	0.0	1	0 2
186	3	0.0	1	0 3
187	2	0.0	1	0 2
188	1	0.0	1	0 1
189	4	0.0	1	0 4
190	1	0.0	1	0 1
191	2	0.0	1	0 2
192	3	0.0	1	0 3
193	4	0.0	1	0 4
194	2	0.0	1	0 2
195	3	0.0	1	0 3
196	2	0.0	1	0 2
198	2	0.0	1	0 2
199	3	0.0	1	0 3
200	6	0.0	1	1 5
201	2	0.0	1	0 2
202	1	0.0	1	0 1
203	5	0.0	1	1 4
204	2	0.0	1	1 1
205	1	0.0	1	0 1
206	2	0.0	1	0 2
207	3	0.0	1	0 3
208	3	0.0	1	0 3
209	1	0.0	1	0 1
210	3	0.0	1	0 3
211	3	0.0	1	0 3
212	2	0.0	1	0 2
213	5	0.0	1	0 5
214	2	0.0	1	0 2
215	6	0.0	1	0 6
216	2	0.0	1	0 2
217	2	0.0	1	0 2
218	3	0.0	1	0 3
219	1	0.0	1	0 1
220	2	0.0	1	0 2
221	1	0.0	1	0 1
223	4	0.0	1	1 3
225	3	0.0	1	0 3
226	3	0.0	1	0 3
227	2	0.0	1	0 2
228	2	0.0	1	0 2
229	1	0.0	1	0 1
231	2	0.0	1	0 2
232	2	0.0	1	0 2
234	1	0.0	1	0 1
235	1	0.0	1	0 1
236	1	0.0	1	0 1
237	4	0.0	1	0 4
238	5	0.0	1	0 5
239	3	0.0	1	0 3
240	2	0.0	1	0 2
242	2	0.0	1	0 2
243	3	0.0	1	1 2
244	1	0.0	1	0 1
245	3	0.0	1	0 3
246	4	0.0	1	0 4
247	2	0.0	1	0 2
250	1	0.0	1	0 1
251	2	0.0	1	0 2
252	3	0.0	1	0 3
253	4	0.0	1	0 4
255	2	0.0	1	0 2
256	1	0.0	1	0 1
257	3	0.0	1	0 3
258	4	0.0	1	0 4
259	2	0.0	1	0 2
260	2	0.0	1	0 2
261	5	0.0	1	0 5
262	2	0.0	1	0 2
264	1	0.0	1	0 1
265	2	0.0	1	0 2
266	2	0.0	1	0 2
267	4	0.0	1	0 4
269	4	0.0	1	0 4
270	2	0.0	1	0 2
271	1	0.0	1	0 1
272	2	0.0	1	0 2
273	1	0.0	1	0 1
274	1	0.0	1	0 1
276	2	0.0	1	0 2
277	2	0.0	1	0 2
278	1	0.0	1	0 1
279	1	0.0	1	0 1
280	3	0.0	1	0 3
281	1	0.0	1	0 1
283	3	0.0	1	0 3
284	2	0.0	1	0 2
285	2	0.0	1	0 2
286	1	0.0	1	0 1
287	2	0.0	1	0 2
288	2	0.0	1	0 2
289	2	0.0	1	0 2
290	2	0.0	1	0 2
291	1	0.0	1	0 1
293	2	0.0	1	0 2
296	2	0.0	1	0 2
298	1	0.0	1	0 1

RUN STATISTICS FOR INPUT FILE: EU07_r1.fq.gz
=============================================
748528 sequences processed in total

