
SUMMARISING RUN PARAMETERS
==========================
Input filename: EU07_r2.fq.gz
Trimming mode: paired-end
Trim Galore version: 0.6.7
Cutadapt version: 3.5
Number of cores used for trimming: 1
Quality Phred score cutoff: 30
Quality encoding type selected: ASCII+33
Using Nextera adapter for trimming (count: 89714). Second best hit was smallRNA (count: 10)
Adapter sequence: 'CTGTCTCTTATA' (Nextera Transposase sequence; auto-detected)
Maximum trimming error rate: 0.1 (default)
Minimum required adapter overlap (stringency): 1 bp
Minimum required sequence length for both reads before a sequence pair gets removed: 20 bp
Output file will be GZIP compressed


This is cutadapt 3.5 with Python 3.10.12
Command line parameters: -j 1 -e 0.1 -q 30 -O 1 -a CTGTCTCTTATA EU07_r2.fq.gz
Processing reads on 1 core in single-end mode ...
Finished in 40.33 s (54 µs/read; 1.11 M reads/minute).

=== Summary ===

Total reads processed:                 748,528
Reads with adapters:                   275,544 (36.8%)
Reads written (passing filters):       748,528 (100.0%)

Total basepairs processed:   224,558,400 bp
Quality-trimmed:              80,753,433 bp (36.0%)
Total written (filtered):    142,590,137 bp (63.5%)

=== Adapter 1 ===

Sequence: CTGTCTCTTATA; Type: regular 3'; Length: 12; Trimmed: 275544 times

Minimum overlap: 1
No. of allowed errors:
1-9 bp: 0; 10-12 bp: 1

Bases preceding removed adapters:
  A: 18.4%
  C: 25.4%
  G: 30.3%
  T: 25.6%
  none/other: 0.3%

Overview of removed sequences
length	count	expect	max.err	error counts
1	197332	187132.0	0	197332
2	31830	46783.0	0	31830
3	12218	11695.8	0	12218
4	2909	2923.9	0	2909
5	2098	731.0	0	2098
6	334	182.7	0	334
7	283	45.7	0	283
8	286	11.4	0	286
9	548	2.9	0	536 12
10	438	0.7	1	401 37
11	929	0.2	1	907 22
12	530	0.0	1	519 11
13	1461	0.0	1	1437 24
14	436	0.0	1	418 18
15	1097	0.0	1	1072 25
16	612	0.0	1	595 17
17	525	0.0	1	512 13
18	486	0.0	1	466 20
19	1092	0.0	1	1068 24
20	573	0.0	1	558 15
21	544	0.0	1	526 18
22	1056	0.0	1	1034 22
23	562	0.0	1	541 21
24	719	0.0	1	693 26
25	807	0.0	1	791 16
26	379	0.0	1	360 19
27	412	0.0	1	405 7
28	935	0.0	1	892 43
29	824	0.0	1	805 19
30	393	0.0	1	381 12
31	894	0.0	1	870 24
32	1009	0.0	1	986 23
33	1029	0.0	1	1004 25
34	554	0.0	1	539 15
35	888	0.0	1	872 16
36	384	0.0	1	372 12
37	274	0.0	1	265 9
38	441	0.0	1	427 14
39	591	0.0	1	569 22
40	555	0.0	1	543 12
41	544	0.0	1	528 16
42	399	0.0	1	387 12
43	776	0.0	1	765 11
44	360	0.0	1	356 4
45	426	0.0	1	412 14
46	568	0.0	1	556 12
47	367	0.0	1	360 7
48	212	0.0	1	206 6
49	178	0.0	1	175 3
50	140	0.0	1	132 8
51	129	0.0	1	118 11
52	202	0.0	1	194 8
53	150	0.0	1	144 6
54	140	0.0	1	130 10
55	104	0.0	1	96 8
56	67	0.0	1	64 3
57	93	0.0	1	87 6
58	56	0.0	1	47 9
59	65	0.0	1	62 3
60	33	0.0	1	31 2
61	23	0.0	1	22 1
62	49	0.0	1	45 4
63	102	0.0	1	97 5
64	36	0.0	1	34 2
65	18	0.0	1	11 7
66	11	0.0	1	9 2
67	11	0.0	1	10 1
68	9	0.0	1	6 3
69	10	0.0	1	3 7
70	18	0.0	1	10 8
71	4	0.0	1	3 1
72	12	0.0	1	9 3
73	26	0.0	1	24 2
74	43	0.0	1	33 10
75	47	0.0	1	38 9
76	42	0.0	1	36 6
77	50	0.0	1	46 4
78	72	0.0	1	62 10
79	48	0.0	1	42 6
80	80	0.0	1	73 7
81	49	0.0	1	42 7
82	14	0.0	1	10 4
83	8	0.0	1	4 4
84	4	0.0	1	1 3
85	2	0.0	1	0 2
86	2	0.0	1	0 2
87	7	0.0	1	0 7
88	5	0.0	1	0 5
89	7	0.0	1	1 6
90	4	0.0	1	0 4
91	2	0.0	1	0 2
92	3	0.0	1	0 3
93	4	0.0	1	0 4
94	6	0.0	1	0 6
95	5	0.0	1	0 5
96	3	0.0	1	0 3
97	2	0.0	1	0 2
98	6	0.0	1	0 6
99	4	0.0	1	0 4
100	3	0.0	1	0 3
101	4	0.0	1	0 4
102	2	0.0	1	0 2
103	10	0.0	1	0 10
104	4	0.0	1	0 4
105	4	0.0	1	0 4
106	4	0.0	1	0 4
107	3	0.0	1	0 3
108	2	0.0	1	0 2
109	5	0.0	1	0 5
110	3	0.0	1	0 3
111	3	0.0	1	0 3
112	5	0.0	1	0 5
113	6	0.0	1	0 6
114	3	0.0	1	0 3
115	4	0.0	1	0 4
116	6	0.0	1	0 6
117	7	0.0	1	0 7
118	1	0.0	1	0 1
119	2	0.0	1	0 2
120	3	0.0	1	0 3
121	4	0.0	1	0 4
122	4	0.0	1	0 4
123	3	0.0	1	0 3
124	3	0.0	1	0 3
125	3	0.0	1	0 3
126	2	0.0	1	0 2
127	4	0.0	1	0 4
129	2	0.0	1	0 2
130	4	0.0	1	0 4
131	3	0.0	1	1 2
132	4	0.0	1	0 4
133	2	0.0	1	0 2
134	7	0.0	1	1 6
135	3	0.0	1	0 3
136	5	0.0	1	0 5
137	2	0.0	1	0 2
138	6	0.0	1	0 6
139	6	0.0	1	0 6
140	5	0.0	1	0 5
141	5	0.0	1	0 5
142	2	0.0	1	0 2
143	6	0.0	1	0 6
144	2	0.0	1	0 2
145	1	0.0	1	0 1
146	1	0.0	1	0 1
147	2	0.0	1	0 2
148	3	0.0	1	0 3
149	4	0.0	1	0 4
150	5	0.0	1	0 5
151	3	0.0	1	0 3
152	3	0.0	1	0 3
153	3	0.0	1	0 3
154	2	0.0	1	0 2
155	4	0.0	1	0 4
156	3	0.0	1	0 3
157	2	0.0	1	0 2
158	3	0.0	1	0 3
159	3	0.0	1	0 3
160	4	0.0	1	0 4
161	2	0.0	1	0 2
162	4	0.0	1	0 4
163	2	0.0	1	0 2
164	4	0.0	1	0 4
165	6	0.0	1	0 6
166	3	0.0	1	0 3
167	6	0.0	1	0 6
168	3	0.0	1	0 3
170	2	0.0	1	0 2
171	3	0.0	1	0 3
172	4	0.0	1	0 4
173	8	0.0	1	0 8
174	4	0.0	1	0 4
175	3	0.0	1	0 3
176	2	0.0	1	0 2
177	1	0.0	1	0 1
178	6	0.0	1	0 6
179	1	0.0	1	0 1
180	3	0.0	1	0 3
181	3	0.0	1	0 3
182	2	0.0	1	0 2
183	6	0.0	1	0 6
184	1	0.0	1	0 1
186	4	0.0	1	0 4
187	1	0.0	1	0 1
189	3	0.0	1	0 3
190	6	0.0	1	0 6
191	1	0.0	1	0 1
192	2	0.0	1	0 2
193	1	0.0	1	0 1
194	1	0.0	1	0 1
195	5	0.0	1	0 5
196	3	0.0	1	0 3
197	4	0.0	1	0 4
198	2	0.0	1	0 2
199	3	0.0	1	0 3
200	1	0.0	1	0 1
201	2	0.0	1	0 2
202	5	0.0	1	0 5
203	1	0.0	1	0 1
204	1	0.0	1	0 1
205	4	0.0	1	0 4
206	1	0.0	1	0 1
207	1	0.0	1	0 1
208	2	0.0	1	0 2
209	8	0.0	1	0 8
210	3	0.0	1	0 3
211	3	0.0	1	0 3
212	1	0.0	1	0 1
213	2	0.0	1	0 2
214	2	0.0	1	0 2
215	1	0.0	1	0 1
216	3	0.0	1	0 3
217	3	0.0	1	0 3
218	2	0.0	1	0 2
219	1	0.0	1	0 1
221	1	0.0	1	0 1
222	1	0.0	1	0 1
223	4	0.0	1	0 4
224	3	0.0	1	0 3
226	2	0.0	1	0 2
228	2	0.0	1	0 2
230	1	0.0	1	0 1
231	3	0.0	1	0 3
232	1	0.0	1	0 1
233	2	0.0	1	0 2
235	2	0.0	1	0 2
236	2	0.0	1	0 2
239	2	0.0	1	0 2
240	1	0.0	1	0 1
241	2	0.0	1	0 2
242	2	0.0	1	0 2
244	1	0.0	1	0 1
245	1	0.0	1	0 1
253	2	0.0	1	0 2
258	1	0.0	1	0 1
260	2	0.0	1	0 2
261	1	0.0	1	0 1
292	1	0.0	1	0 1
297	1	0.0	1	0 1

RUN STATISTICS FOR INPUT FILE: EU07_r2.fq.gz
=============================================
748528 sequences processed in total

Total number of sequences analysed for the sequence pair length validation: 748528

Number of sequence pairs removed because at least one read was shorter than the length cutoff (20 bp): 33086 (4.42%)
